16114
16395
16455
16730
17151
17387
17532
16815
15896
15801
16084
16419
16806
17058
17235
17661
18199
18766
18984
18699
18523
18410
17550
17107
17283
17329
17386
17334
17414
17696
17641
18015
18696
18812
19123
19395
19372
18710
18947
19400
19416
19453
19539
19806
19815
19968
20228
20137
20463
20678
19862
19032
19288
19508
19549
19448
19485
19706
20063
20242
20114
20517
20856
21270
20518
19675
19597
19510
19964
20297
20652
20770
20925
20812
20923
21249
21132
21285
20395
19741
20008
19956
20080
20371
20872
21127
21110
21301
21429
21486
21779
21485
20579
19836
19758
19928
20349
20699
20772
20592
20748
21285
21794
21545
21160
21461
20766
19976
20150
20536
20847
21179
21240
21613
21848
22096
22297
22927
23087
22490
21456
20792
20996
21051
21309
21674
21759
21928
22343
22635
22870
22914
23259
23391
22500
21749
21365
21018
21222
21335
21462
21812
21959
22107
21837
21838
22064
22184
21448
20602
20716
21041
21297
21476
21785
22080
22158
22193
22575
22799
22563
22483
21791
21071
21131
21376
21425
21626
21852
22110
22398
22539
22832
22920
23318
23398
23077
22562
22514
22492
22435
22558
22979
23126
23234
23240
22926
22875
23131
23370
22668
21869
21937
21974
22270
22577
22927
23214
23397
23632
23856
23818
24233
24294
23516
22757
22752
22775
22629
22903
23085
23167
23736
24199
24396
24485
24538
24399
23371
22279
22390
22580
22676
22971
23250
23366
23435
23871
24385
24463
24466
24472
23551
22674
22657
22876
23194
23459
23742
23882
23956
24335
24461
24580
25195
25333
24424
23467
23510
23865
24170
24003
23770
23985
24204
24264
24436
24647
25047
25753
24681
23571
23825
24211
24449
24665
25015
25306
25564
25702
25954
26164
26416
26609
25402
24401
24399
24383
24552
24981
25185
25089
25263
25617
26003
26165
26288
26423
25762
25032
25284
25637
25647
25800
25979
26024
25704
25781
26220
26398
26647
26615
25907
25099
25216
25615
25793
25957
25824
25842
26325
26840
26795
26537
26710
26450
25530
24737
25317
25829
26112
26103
26260
26376
26617
26921
26802
26849
27071
26976
26133
25391
25403
25326
25493
25798
25806
25719
25924
26426
27011
27730
27920
28033
27210
26174
26116
26276
26479
26512
26545
26682
26918
27082
27078
27118
27538
27475
26387
25383
25008
24923
25309
25630
25746
25935
26132
26261
26468
26785
27249
27247
26562
26282
26451
26562
26596
26668
26691
26613
26607
26720
26758
26759
27026
27195
26420
25462
25667
25926
25921
25908
25866
26099
26355
26606
26755
26970
27785
27911
27026
25883
25790
25891
25925
26019
26048
26353
26468
26665
26827
27053
27288
27444
26566
25841
25908
25923
26043
26297
26779
27022
26990
27118
27326
27442
28078
28050
27010
26273
26417
26485
26657
26923
27034
27180
27199
27250
27282
27441
28019
28034
27167
26254
26233
26178
26315
26599
26947
27459
27914
27994
27968
28416
28428
28017
26912
26016
26080
26347
26394
26455
26585
26920
27223
27299
27306
27341
27920
27991
27154
26280
26400
26661
26830
26989
26962
27137
27158
27200
27328
27533
27624
27462
26883
26261
26224
26215
26193
26501
26764
26969
27212
27512
27688
27880
28019
28199
27477
26509
26659
26961
27099
27200
27477
27572
27442
27412
27396
27396
27758
28194
27755
27108
26838
26818
26992
27039
27345
27584
27942
28376
28330
28192
28650
28964
28281
27660
27987
28306
28360
28601
28848
29051
28909
28722
28702
28758
29137
29330
28570
27492
27527
27856
28145
28458
28503
28311
28244
28533
28843
28908
29098
29229
28522
27757
27869
28021
27955
27782
27670
27803
28051
28485
28860
29009
28805
28727
27943
27060
27225
27378
27321
27462
27699
27689
27687
28110
28491
28618
28551
28447
27805
27151
27375
27524
27617
27800
27987
28036
28283
28657
28851
28670
28862
29157
28570
27517
27561
28101
28230
28242
28508
28709
28888
29079
29337
29431
29764
29939
29124
28130
28033
28039
28073
28319
28406
28386
28814
29102
29547
29796
29898
29634
28643
27992
28324
28659
28725
28802
29210
29645
29836
29777
29661
29636
30501
30955
30041
28785
28566
28534
28507
28616
28707
29050
29414
29936
30277
30217
30389
30506
29655
28489
28712
28865
28813
28992
29211
29422
29385
29609
29848
29940
30375
30314
29377
28551
28915
29056
28930
28755
29028
29303
29448
29791
30147
30367
30779
30791
30138
29260
29265
29700
29898
30031
30153
30473
30596
30803
31134
31337
31352
31355
30529
29495
29274
29467
29888
30296
30406
30650
30925
31105
31279
31456
31291
31324
30471
29638
29695
29841
29911
29996
30331
30884
31104
31112
31227
31307
31335
31316
30259
29400
29782
30189
30274
30285
30445
30556
30544
30702
30800
30958
31522
31383
30393
29500
29667
30212
30665
31130
31252
31438
31624
31733
31906
32096
31967
31781
31038
30087
30238
30573
30788
30880
31125
31187
31345
31521
31476
31730
32180
32213
31213
30394
30567
30567
30581
30773
30921
30931
31037
31398
31599
31664
32236
32315
31525
30525
30566
30511
30683
30891
31038
30989
31004
31190
31629
31916
31901
32402
31756
30582
30466
30701
30840
30877
31107
31340
31616
31783
32002
32150
32373
32454
31720
30847
31025
31155
31065
31286
31467
31717
31867
31950
32278
32506
32868
32962
31971
30999
31128
31329
31390
31243
31365
31444
31699
31892
32095
32067
31917
32061
31250
30357
30587
31138
31495
31653
31622
31634
31845
32117
32387
32523
33048
33039
32216
31083
31122
31187
31116
31356
31655
31986
32081
32042
32160
32242
32645
32954
31944
30653
30662
31085
31449
31642
31762
31709
31840
32106
32324
32422
32752
32901
31888
30849
31030
31213
31458
31660
31917
32320
32583
32702
32669
32737
33136
33211
32492
31693
31580
31442
31462
31614
31966
32198
32310
32344
32398
32505
32920
32896
32113
31291
31255
31376
31538
31839
31976
32064
32035
31805
31695
31963
32284
32506
31750
31070
31244
31396
31686
31847
32079
32283
32091
32108
32410
32478
32632
33133
32179
31124
31185
31355
31682
31762
31859
32258
32547
32897
33051
33055
33086
33108
32259
31459
31606
31966
32005
31972
32189
32668
33126
33262
33441
33600
33375
34791
34069
32621
32424
32639
32899
33180
33540
33600
33691
33795
34105
34190
34164
34285
34240
33203
32095
32024
32352
32782
33146
33386
33677
33565
33563
33734
33990
34318
34229
33405
32427
32518
32504
32409
32746
32976
33091
33230
33272
33400
33574
33754
33915
33257
32352
32374
32428
32328
32539
32667
32832
33246
33268
33490
33695
34201
34264
33353
32572
32685
32790
32909
32886
33051
33408
33590
33850
33611
33569
33949
33957
33175
32188
32120
32348
32506
32891
33324
33473
33779
33924
33739
33876
34347
34407
33413
32380
32577
32765
32925
32927
32971
33317
33576
33781
33877
33787
33937
34276
33503
32276
32059
32031
32023
32159
32441
32460
32305
32249
32281
32411
33014
33004
32136
31365
31442
31495
31538
31785
32046
32140
32309
32762
33006
33282
33646
33655
32717
31939
32036
31973
32040
32007
32187
32342
32627
32809
32955
33037
33204
33364
32547
31594
31563
31864
32211
32420
32424
32714
33136
32964
32913
33298
33499
33419
32500
31540
31574
31680
31845
32153
32288
32266
32399
32564
32904
33422
33571
33778
33099
32130
32104
32204
32289
32484
32596
32791
33166
33492
33609
33696
33733
33603
32776
32009
32156
32490
32658
33016
33641
33758
33524
33443
33592
33753
33907
34094
33313
32288
32363
32409
32527
32776
33024
33255
33541
33777
33892
34110
34578
34704
33819
32819
32638
32587
32829
33226
33384
33484
33528
33442
33565
34097
34489
34608
33814
32685
32799
33170
33186
33233
33606
33765
33849
34230
34914
35311
35376
35529
34874
33913
33824
33711
34061
34455
34700
34890
34937
35041
35164
35352
35574
35469
34291
33432
33502
33561
33576
33780
33956
34027
34273
34441
34414
34560
35136
35003
34017
33187
33557
33656
34030
35420
35165
34568
34651
35085
35784
36204
36432
36047
35074
33762
33547
33949
34072
34291
34735
34506
34645
34872
35196
35439
35866
35756
34648
33621
33559
33701
34203
34511
34699
34815
34934
35126
35248
35460
36070
36133
35125
34046
34031
34177
34377
34766
35087
35274
35358
35518
35808
35847
35968
36081
35235
34235
34474
34890
35215
35402
35444
35510
35487
35597
36044
36273
36131
36175
35339
34457
34604
34767
34919
35097
35190
35314
35642
35872
35777
35855
36198
36360
35408
34516
34712
35053
35275
35318
35476
35657
35807
35885
36018
36482
36984
36918
35921
34986
35070
35282
35543
35649
35638
35871
36202
36258
36264
36374
36676
36762
35810
34887
34924
34977
34836
35133
35363
35217
35144
35375
35570
35618
35949
36105
35408
34599
34648
34805
35088
35400
35625
35829
36008
36100
36302
36559
37081
37107
36196
35141
35137
35205
35238
35356
35301
35537
35836
35818
35983
36308
36107
35914
34993
34186
34361
34547
34966
35522
35840
35815
35965
36192
36220
36437
36650
36695
35745
34713
34858
35033
35051
35240
35576
35828
36060
36049
36219
36408
36579
36700
35908
34890
34881
35043
35130
35399
35671
35977
36265
36483
36729
36914
36884
36713
35733
34822
35086
35263
35254
35243
35189
35158
35244
35511
35825
35909
36153
36109
35327
34389
34387
34566
34791
34892
34976
35287
35498
35589
35860
36389
36787
36741
35886
35093
35024
35084
35189
35278
35306
35469
35643
35787
36093
36196
36522
36579
35938
34997
34802
34984
35153
35225
35366
35541
35616
35660
35916
36245
37075
37261
36401
35625
35646
35748
35921
36024
36214
36726
37169
37559
37838
38009
38342
38352
37295
36169
36084
35983
36027
36059
36248
36532
36754
36756
36870
37104
37918
38020
37081
35999
36110
36251
36309
36437
36700
36827
37147
37584
37659
37630
37783
37862
37036
36117
36228
36412
36577
36711
36894
36866
37038
37319
37210
37214
38033
38188
37241
36208
36394
36623
36852
37003
37127
37269
37417
37707
37943
38096
38097
38245
37422
36554
36489
36654
36664
36570
36652
36911
37157
37455
37749
37911
37713
37506
36802
35909
36057
36289
36604
36716
36790
36980
37017
37241
37526
37891
38228
38206
37265
36118
36163
36462
36671
36756
36861
37040
37129
37270
37403
37546
37623
37630
36431
35481
35942
36565
36923
37045
37187
37336
37396
37413
37607
37761
37809
37841
36983
36164
36133
36172
36445
36625
36904
37219
37233
37248
37307
37182
37869
37851
36712
35544
35378
35785
35975
36079
36513
36773
36837
37058
37363
37555
37909
38154
37097
35985
35864
35917
36161
36524
36563
36650
36979
37198
37359
37643
37861
37955
36924
36022
36097
36200
36392
36426
36930
37347
37478
37553
37590
37714
38079
38162
37176
36035
36134
36424
36567
36638
36633
36643
36890
36929
36988
37134
37566
37561
36613
35607
35772
36062
36348
36622
36845
37104
37202
37317
37380
37599
37993
37968
37070
35990
35875
36047
36343
36535
36793
36900
37054
37340
37533
37666
37996
38066
37162
36142
36138
36294
36415
36719
37001
37120
37099
37304
37484
37563
37855
37812
37032
36383
36478
36546
36855
37095
37359
37497
37537
37639
37708
37677
37949
38137
37258
36402
36513
36367
36320
36610
37010
37261
37487
37751
38061
38283
38534
38503
37634
36455
36377
36708
36921
37043
37165
37057
37131
37332
37461
37676
38065
38014
37014
36276
36435
36522
36815
37075
37239
37221
37253
37313
37405
37685
37830
37743
36801
35961
36270
36484
36657
36868
37004
37054
37114
37273
37300
37499
38017
38117
37195
36098
36298
36445
36370
36693
36743
36804
37024
37099
37197
37429
37921
38166
37302
36324
36354
36496
36573
36592
37040
37425
37496
37704
37954
38173
38589
38427
37414
36459
36495
36437
36514
36870
37449
37679
37620
37693
37793
37951
38272
38471
37385
36189
36370
36718
36896
37063
37145
37150
37127
37222
37407
37628
37227
36560
36351
36500
36662
36830
36934
37002
37234
37433
37548
37693
37855
38044
38070
37061
36117
36214
36310
36449
36620
36671
36906
37259
37503
37476
37216
37739
38045
37155
36203
36164
36110
36371
36628
36835
37029
37226
37257
37247
37356
37945
38065
37287
36449
36484
36667
36485
36360
36507
36746
36910
36910
37191
37444
37849
37974
36845
35660
35769
36061
36358
36394
36353
36527
36735
36680
36789
37086
37574
37587
36691
35729
35853
36047
36312
36587
36743
36805
36827
36749
36791
37032
37317
37364
36322
35338
35551
35976
36001
35789
35661
35876
36188
36568
36859
37059
37511
37575
36747
35658
35565
35611
35711
35844
36020
36291
36615
36664
36741
36793
37163
36987
36082
35270
35488
35682
35752
35817
35848
35937
36135
36303
36423
36519
36951
36779
35992
35317
35464
35565
35725
35849
36062
36216
36310
36586
36737
36655
36863
36865
35880
35101
35178
35542
35830
36060
36153
36371
36539
36640
36755
37035
37559
37632
36749
35644
35508
35856
36173
36110
36364
36555
36884
37098
37238
37509
37869
37882
36949
35976
36001
36144
36210
36327
36670
36638
36858
37258
37435
37244
37231
37602
36596
35557
35642
35802
35827
36037
36390
36720
36859
37000
37167
37245
37319
37488
37452
